image_width: 1280
image_height: 960
camera_name: camera
camera_matrix:
  rows: 3
  cols: 3
  data: [5042.57419336049, 0, 332.7381802171519, 0, 
         4995.126809503337, 609.7478667473882, 
           0, 0, 1]
distortion_model: plumb_bob
distortion_coefficients:
  rows: 1
  cols: 5
  data: [1.172170495519447, -5.440853225269084, 
  0.05569716559151222, -0.1289941409563699, 0]
rectification_matrix:
  rows: 3
  cols: 3
  data: [1, 0, 0, 
        0, 1, 0, 
        0, 0, 1]
projection_matrix:
  rows: 3
  cols: 4
  data: [4995.36181640625, 0, 310.8431209016235, 0, 
        0, 5106.3359375, 614.8140530334204, 0, 
        0, 0, 1, 0]